---------------------------------------------
Step   : 292
Index0 : 0 1 2 3 4 5 6 7 8 9 10 11 12 13 14 15 16 17 18 19 20 21 22 23 24 25 26 27 28 29 30
Tape0  : 1 1 1 1 1 1 1 1 1 1 1  1  1  1  1  1  1  1  1  1  1  1  1  1  1  1  1  1  1  1  1 
Head0  :                                                                                 ^ 
Index1 : 20 21 22 23 24 25 26 27 28 29 30 31 32 33 34 35 36 37 38 39 40 41 42 43
Tape1  : 1  1  1  1  1  1  1  1  1  1  1  1  1  1  1  1  1  1  1  1  1  1  1  1 
Head1  :                                                                      ^ 
State  : day
---------------------------------------------
Step   : 293
Index0 : 0 1 2 3 4 5 6 7 8 9 10 11 12 13 14 15 16 17 18 19 20 21 22 23 24 25 26 27 28 29 30
Tape0  : 1 1 1 1 1 1 1 1 1 1 1  1  1  1  1  1  1  1  1  1  1  1  1  1  1  1  1  1  1  1  1 
Head0  :                                                                              ^    
Index1 : 20 21 22 23 24 25 26 27 28 29 30 31 32 33 34 35 36 37 38 39 40 41 42 43
Tape1  : 1  1  1  1  1  1  1  1  1  1  1  1  1  1  1  1  1  1  1  1  1  1  1  0 
Head1  :                                                                   ^    
State  : day
---------------------------------------------
Step   : 294
Index0 : 0 1 2 3 4 5 6 7 8 9 10 11 12 13 14 15 16 17 18 19 20 21 22 23 24 25 26 27 28 29 30
Tape0  : 1 1 1 1 1 1 1 1 1 1 1  1  1  1  1  1  1  1  1  1  1  1  1  1  1  1  1  1  1  1  1 
Head0  :                                                                           ^       
Index1 : 20 21 22 23 24 25 26 27 28 29 30 31 32 33 34 35 36 37 38 39 40 41 42 43
Tape1  : 1  1  1  1  1  1  1  1  1  1  1  1  1  1  1  1  1  1  1  1  1  1  0  0 
Head1  :                                                                ^       
State  : day
---------------------------------------------
Step   : 295
Index0 : 0 1 2 3 4 5 6 7 8 9 10 11 12 13 14 15 16 17 18 19 20 21 22 23 24 25 26 27 28 29 30
Tape0  : 1 1 1 1 1 1 1 1 1 1 1  1  1  1  1  1  1  1  1  1  1  1  1  1  1  1  1  1  1  1  1 
Head0  :                                                                        ^          
Index1 : 20 21 22 23 24 25 26 27 28 29 30 31 32 33 34 35 36 37 38 39 40 41 42 43
Tape1  : 1  1  1  1  1  1  1  1  1  1  1  1  1  1  1  1  1  1  1  1  1  0  0  0 
Head1  :                                                             ^          
State  : day
---------------------------------------------
Step   : 296
Index0 : 0 1 2 3 4 5 6 7 8 9 10 11 12 13 14 15 16 17 18 19 20 21 22 23 24 25 26 27 28 29 30
Tape0  : 1 1 1 1 1 1 1 1 1 1 1  1  1  1  1  1  1  1  1  1  1  1  1  1  1  1  1  1  1  1  1 
Head0  :                                                                     ^             
Index1 : 20 21 22 23 24 25 26 27 28 29 30 31 32 33 34 35 36 37 38 39 40 41 42 43
Tape1  : 1  1  1  1  1  1  1  1  1  1  1  1  1  1  1  1  1  1  1  1  0  0  0  0 
Head1  :                                                          ^             
State  : day
---------------------------------------------
Step   : 297
Index0 : 0 1 2 3 4 5 6 7 8 9 10 11 12 13 14 15 16 17 18 19 20 21 22 23 24 25 26 27 28 29 30
Tape0  : 1 1 1 1 1 1 1 1 1 1 1  1  1  1  1  1  1  1  1  1  1  1  1  1  1  1  1  1  1  1  1 
Head0  :                                                                  ^                
Index1 : 20 21 22 23 24 25 26 27 28 29 30 31 32 33 34 35 36 37 38 39 40 41 42 43
Tape1  : 1  1  1  1  1  1  1  1  1  1  1  1  1  1  1  1  1  1  1  0  0  0  0  0 
Head1  :                                                       ^                
State  : day
---------------------------------------------
Step   : 298
Index0 : 0 1 2 3 4 5 6 7 8 9 10 11 12 13 14 15 16 17 18 19 20 21 22 23 24 25 26 27 28 29 30
Tape0  : 1 1 1 1 1 1 1 1 1 1 1  1  1  1  1  1  1  1  1  1  1  1  1  1  1  1  1  1  1  1  1 
Head0  :                                                               ^                   
Index1 : 20 21 22 23 24 25 26 27 28 29 30 31 32 33 34 35 36 37 38 39 40 41 42 43
Tape1  : 1  1  1  1  1  1  1  1  1  1  1  1  1  1  1  1  1  1  0  0  0  0  0  0 
Head1  :                                                    ^                   
State  : day
---------------------------------------------
Step   : 299
Index0 : 0 1 2 3 4 5 6 7 8 9 10 11 12 13 14 15 16 17 18 19 20 21 22 23 24 25 26 27 28 29 30
Tape0  : 1 1 1 1 1 1 1 1 1 1 1  1  1  1  1  1  1  1  1  1  1  1  1  1  1  1  1  1  1  1  1 
Head0  :                                                            ^                      
Index1 : 20 21 22 23 24 25 26 27 28 29 30 31 32 33 34 35 36 37 38 39 40 41 42 43
Tape1  : 1  1  1  1  1  1  1  1  1  1  1  1  1  1  1  1  1  0  0  0  0  0  0  0 
Head1  :                                                 ^                      
State  : day
---------------------------------------------
Step   : 300
Index0 : 0 1 2 3 4 5 6 7 8 9 10 11 12 13 14 15 16 17 18 19 20 21 22 23 24 25 26 27 28 29 30
Tape0  : 1 1 1 1 1 1 1 1 1 1 1  1  1  1  1  1  1  1  1  1  1  1  1  1  1  1  1  1  1  1  1 
Head0  :                                                         ^                         
Index1 : 20 21 22 23 24 25 26 27 28 29 30 31 32 33 34 35 36 37 38 39 40 41 42 43
Tape1  : 1  1  1  1  1  1  1  1  1  1  1  1  1  1  1  1  0  0  0  0  0  0  0  0 
Head1  :                                              ^                         
State  : day
---------------------------------------------
Step   : 301
Index0 : 0 1 2 3 4 5 6 7 8 9 10 11 12 13 14 15 16 17 18 19 20 21 22 23 24 25 26 27 28 29 30
Tape0  : 1 1 1 1 1 1 1 1 1 1 1  1  1  1  1  1  1  1  1  1  1  1  1  1  1  1  1  1  1  1  1 
Head0  :                                                      ^                            
Index1 : 20 21 22 23 24 25 26 27 28 29 30 31 32 33 34 35 36 37 38 39 40 41 42 43
Tape1  : 1  1  1  1  1  1  1  1  1  1  1  1  1  1  1  0  0  0  0  0  0  0  0  0 
Head1  :                                           ^                            
State  : day
---------------------------------------------
Step   : 302
Index0 : 0 1 2 3 4 5 6 7 8 9 10 11 12 13 14 15 16 17 18 19 20 21 22 23 24 25 26 27 28 29 30
Tape0  : 1 1 1 1 1 1 1 1 1 1 1  1  1  1  1  1  1  1  1  1  1  1  1  1  1  1  1  1  1  1  1 
Head0  :                                                   ^                               
Index1 : 20 21 22 23 24 25 26 27 28 29 30 31 32 33 34 35 36 37 38 39 40 41 42 43
Tape1  : 1  1  1  1  1  1  1  1  1  1  1  1  1  1  0  0  0  0  0  0  0  0  0  0 
Head1  :                                        ^                               
State  : day
---------------------------------------------
Step   : 303
Index0 : 0 1 2 3 4 5 6 7 8 9 10 11 12 13 14 15 16 17 18 19 20 21 22 23 24 25 26 27 28 29 30
Tape0  : 1 1 1 1 1 1 1 1 1 1 1  1  1  1  1  1  1  1  1  1  1  1  1  1  1  1  1  1  1  1  1 
Head0  :                                                ^                                  
Index1 : 20 21 22 23 24 25 26 27 28 29 30 31 32 33 34 35 36 37 38 39 40 41 42 43
Tape1  : 1  1  1  1  1  1  1  1  1  1  1  1  1  0  0  0  0  0  0  0  0  0  0  0 
Head1  :                                     ^                                  
State  : day
---------------------------------------------
Step   : 304
Index0 : 0 1 2 3 4 5 6 7 8 9 10 11 12 13 14 15 16 17 18 19 20 21 22 23 24 25 26 27 28 29 30
Tape0  : 1 1 1 1 1 1 1 1 1 1 1  1  1  1  1  1  1  1  1  1  1  1  1  1  1  1  1  1  1  1  1 
Head0  :                                             ^                                     
Index1 : 20 21 22 23 24 25 26 27 28 29 30 31 32 33 34 35 36 37 38 39 40 41 42 43
Tape1  : 1  1  1  1  1  1  1  1  1  1  1  1  0  0  0  0  0  0  0  0  0  0  0  0 
Head1  :                                  ^                                     
State  : day
---------------------------------------------
Step   : 305
Index0 : 0 1 2 3 4 5 6 7 8 9 10 11 12 13 14 15 16 17 18 19 20 21 22 23 24 25 26 27 28 29 30
Tape0  : 1 1 1 1 1 1 1 1 1 1 1  1  1  1  1  1  1  1  1  1  1  1  1  1  1  1  1  1  1  1  1 
Head0  :                                          ^                                        
Index1 : 20 21 22 23 24 25 26 27 28 29 30 31 32 33 34 35 36 37 38 39 40 41 42 43
Tape1  : 1  1  1  1  1  1  1  1  1  1  1  0  0  0  0  0  0  0  0  0  0  0  0  0 
Head1  :                               ^                                        
State  : day
---------------------------------------------
Step   : 306
Index0 : 0 1 2 3 4 5 6 7 8 9 10 11 12 13 14 15 16 17 18 19 20 21 22 23 24 25 26 27 28 29 30
Tape0  : 1 1 1 1 1 1 1 1 1 1 1  1  1  1  1  1  1  1  1  1  1  1  1  1  1  1  1  1  1  1  1 
Head0  :                                       ^                                           
Index1 : 20 21 22 23 24 25 26 27 28 29 30 31 32 33 34 35 36 37 38 39 40 41 42 43
Tape1  : 1  1  1  1  1  1  1  1  1  1  0  0  0  0  0  0  0  0  0  0  0  0  0  0 
Head1  :                            ^                                           
State  : day
---------------------------------------------
Step   : 307
Index0 : 0 1 2 3 4 5 6 7 8 9 10 11 12 13 14 15 16 17 18 19 20 21 22 23 24 25 26 27 28 29 30
Tape0  : 1 1 1 1 1 1 1 1 1 1 1  1  1  1  1  1  1  1  1  1  1  1  1  1  1  1  1  1  1  1  1 
Head0  :                                    ^                                              
Index1 : 20 21 22 23 24 25 26 27 28 29 30 31 32 33 34 35 36 37 38 39 40 41 42 43
Tape1  : 1  1  1  1  1  1  1  1  1  0  0  0  0  0  0  0  0  0  0  0  0  0  0  0 
Head1  :                         ^                                              
State  : day
---------------------------------------------
Step   : 308
Index0 : 0 1 2 3 4 5 6 7 8 9 10 11 12 13 14 15 16 17 18 19 20 21 22 23 24 25 26 27 28 29 30
Tape0  : 1 1 1 1 1 1 1 1 1 1 1  1  1  1  1  1  1  1  1  1  1  1  1  1  1  1  1  1  1  1  1 
Head0  :                                 ^                                                 
Index1 : 20 21 22 23 24 25 26 27 28 29 30 31 32 33 34 35 36 37 38 39 40 41 42 43
Tape1  : 1  1  1  1  1  1  1  1  0  0  0  0  0  0  0  0  0  0  0  0  0  0  0  0 
Head1  :                      ^                                                 
State  : day
---------------------------------------------
Step   : 309
Index0 : 0 1 2 3 4 5 6 7 8 9 10 11 12 13 14 15 16 17 18 19 20 21 22 23 24 25 26 27 28 29 30
Tape0  : 1 1 1 1 1 1 1 1 1 1 1  1  1  1  1  1  1  1  1  1  1  1  1  1  1  1  1  1  1  1  1 
Head0  :                              ^                                                    
Index1 : 20 21 22 23 24 25 26 27 28 29 30 31 32 33 34 35 36 37 38 39 40 41 42 43
Tape1  : 1  1  1  1  1  1  1  0  0  0  0  0  0  0  0  0  0  0  0  0  0  0  0  0 
Head1  :                   ^                                                    
State  : day
---------------------------------------------
Step   : 310
Index0 : 0 1 2 3 4 5 6 7 8 9 10 11 12 13 14 15 16 17 18 19 20 21 22 23 24 25 26 27 28 29 30
Tape0  : 1 1 1 1 1 1 1 1 1 1 1  1  1  1  1  1  1  1  1  1  1  1  1  1  1  1  1  1  1  1  1 
Head0  :                           ^                                                       
Index1 : 20 21 22 23 24 25 26 27 28 29 30 31 32 33 34 35 36 37 38 39 40 41 42 43
Tape1  : 1  1  1  1  1  1  0  0  0  0  0  0  0  0  0  0  0  0  0  0  0  0  0  0 
Head1  :                ^                                                       
State  : day
---------------------------------------------
Step   : 311
Index0 : 0 1 2 3 4 5 6 7 8 9 10 11 12 13 14 15 16 17 18 19 20 21 22 23 24 25 26 27 28 29 30
Tape0  : 1 1 1 1 1 1 1 1 1 1 1  1  1  1  1  1  1  1  1  1  1  1  1  1  1  1  1  1  1  1  1 
Head0  :                        ^                                                          
Index1 : 20 21 22 23 24 25 26 27 28 29 30 31 32 33 34 35 36 37 38 39 40 41 42 43
Tape1  : 1  1  1  1  1  0  0  0  0  0  0  0  0  0  0  0  0  0  0  0  0  0  0  0 
Head1  :             ^                                                          
State  : day
---------------------------------------------
Step   : 312
Index0 : 0 1 2 3 4 5 6 7 8 9 10 11 12 13 14 15 16 17 18 19 20 21 22 23 24 25 26 27 28 29 30
Tape0  : 1 1 1 1 1 1 1 1 1 1 1  1  1  1  1  1  1  1  1  1  1  1  1  1  1  1  1  1  1  1  1 
Head0  :                     ^                                                             
Index1 : 20 21 22 23 24 25 26 27 28 29 30 31 32 33 34 35 36 37 38 39 40 41 42 43
Tape1  : 1  1  1  1  0  0  0  0  0  0  0  0  0  0  0  0  0  0  0  0  0  0  0  0 
Head1  :          ^                                                             
State  : day
---------------------------------------------
Step   : 313
Index0 : 0 1 2 3 4 5 6 7 8 9 10 11 12 13 14 15 16 17 18 19 20 21 22 23 24 25 26 27 28 29 30
Tape0  : 1 1 1 1 1 1 1 1 1 1 1  1  1  1  1  1  1  1  1  1  1  1  1  1  1  1  1  1  1  1  1 
Head0  :                   ^                                                               
Index1 : 20 21 22 23 24 25 26 27 28 29 30 31 32 33 34 35 36 37 38 39 40 41 42 43
Tape1  : 1  1  1  0  0  0  0  0  0  0  0  0  0  0  0  0  0  0  0  0  0  0  0  0 
Head1  :       ^                                                                
State  : day
---------------------------------------------
Step   : 314
Index0 : 0 1 2 3 4 5 6 7 8 9 10 11 12 13 14 15 16 17 18 19 20 21 22 23 24 25 26 27 28 29 30
Tape0  : 1 1 1 1 1 1 1 1 1 1 1  1  1  1  1  1  1  1  1  1  1  1  1  1  1  1  1  1  1  1  1 
Head0  :                 ^                                                                 
Index1 : 20 21 22 23 24 25 26 27 28 29 30 31 32 33 34 35 36 37 38 39 40 41 42 43
Tape1  : 1  1  0  0  0  0  0  0  0  0  0  0  0  0  0  0  0  0  0  0  0  0  0  0 
Head1  :    ^                                                                   
State  : day
---------------------------------------------
Step   : 315
Index0 : 0 1 2 3 4 5 6 7 8 9 10 11 12 13 14 15 16 17 18 19 20 21 22 23 24 25 26 27 28 29 30
Tape0  : 1 1 1 1 1 1 1 1 1 1 1  1  1  1  1  1  1  1  1  1  1  1  1  1  1  1  1  1  1  1  1 
Head0  :               ^                                                                   
Index1 : 20 21 22 23 24 25 26 27 28 29 30 31 32 33 34 35 36 37 38 39 40 41 42 43
Tape1  : 1  0  0  0  0  0  0  0  0  0  0  0  0  0  0  0  0  0  0  0  0  0  0  0 
Head1  : ^                                                                      
State  : day
---------------------------------------------
Step   : 316
Index0 : 0 1 2 3 4 5 6 7 8 9 10 11 12 13 14 15 16 17 18 19 20 21 22 23 24 25 26 27 28 29 30
Tape0  : 1 1 1 1 1 1 1 1 1 1 1  1  1  1  1  1  1  1  1  1  1  1  1  1  1  1  1  1  1  1  1 
Head0  :             ^                                                                     
Index1 : 19 20 21 22 23 24 25 26 27 28 29 30 31 32 33 34 35 36 37 38 39 40 41 42 43
Tape1  : _  0  0  0  0  0  0  0  0  0  0  0  0  0  0  0  0  0  0  0  0  0  0  0  0 
Head1  : ^                                                                         
State  : day
---------------------------------------------
Step   : 317
Index0 : 0 1 2 3 4 5 6 7 8 9 10 11 12 13 14 15 16 17 18 19 20 21 22 23 24 25 26 27 28 29 30
Tape0  : 1 1 1 1 1 1 1 1 1 1 1  1  1  1  1  1  1  1  1  1  1  1  1  1  1  1  1  1  1  1  1 
Head0  :               ^                                                                   
Index1 : 20 21 22 23 24 25 26 27 28 29 30 31 32 33 34 35 36 37 38 39 40 41 42 43
Tape1  : 0  0  0  0  0  0  0  0  0  0  0  0  0  0  0  0  0  0  0  0  0  0  0  0 
Head1  : ^                                                                      
State  : day
---------------------------------------------
Step   : 318
Index0 : 0 1 2 3 4 5 6 7 8 9 10 11 12 13 14 15 16 17 18 19 20 21 22 23 24 25 26 27 28 29 30
Tape0  : 1 1 1 1 1 1 1 _ 1 1 1  1  1  1  1  1  1  1  1  1  1  1  1  1  1  1  1  1  1  1  1 
Head0  :                 ^                                                                 
Index1 : 20 21 22 23 24 25 26 27 28 29 30 31 32 33 34 35 36 37 38 39 40 41 42 43
Tape1  : 0  0  0  0  0  0  0  0  0  0  0  0  0  0  0  0  0  0  0  0  0  0  0  0 
Head1  :    ^                                                                   
State  : day
---------------------------------------------
Step   : 319
Index0 : 0 1 2 3 4 5 6 7 8 9 10 11 12 13 14 15 16 17 18 19 20 21 22 23 24 25 26 27 28 29 30
Tape0  : 1 1 1 1 1 1 1 _ _ 1 1  1  1  1  1  1  1  1  1  1  1  1  1  1  1  1  1  1  1  1  1 
Head0  :                   ^                                                               
Index1 : 20 21 22 23 24 25 26 27 28 29 30 31 32 33 34 35 36 37 38 39 40 41 42 43
Tape1  : 0  0  0  0  0  0  0  0  0  0  0  0  0  0  0  0  0  0  0  0  0  0  0  0 
Head1  :       ^                                                                
State  : day
---------------------------------------------
Step   : 320
Index0 : 0 1 2 3 4 5 6 7 8 9 10 11 12 13 14 15 16 17 18 19 20 21 22 23 24 25 26 27 28 29 30
Tape0  : 1 1 1 1 1 1 1 _ _ _ 1  1  1  1  1  1  1  1  1  1  1  1  1  1  1  1  1  1  1  1  1 
Head0  :                     ^                                                             
Index1 : 20 21 22 23 24 25 26 27 28 29 30 31 32 33 34 35 36 37 38 39 40 41 42 43
Tape1  : 0  0  0  0  0  0  0  0  0  0  0  0  0  0  0  0  0  0  0  0  0  0  0  0 
Head1  :          ^                                                             
State  : day
---------------------------------------------
Step   : 321
Index0 : 0 1 2 3 4 5 6 7 8 9 10 11 12 13 14 15 16 17 18 19 20 21 22 23 24 25 26 27 28 29 30
Tape0  : 1 1 1 1 1 1 1 _ _ _ _  1  1  1  1  1  1  1  1  1  1  1  1  1  1  1  1  1  1  1  1 
Head0  :                        ^                                                          
Index1 : 20 21 22 23 24 25 26 27 28 29 30 31 32 33 34 35 36 37 38 39 40 41 42 43
Tape1  : 0  0  0  0  0  0  0  0  0  0  0  0  0  0  0  0  0  0  0  0  0  0  0  0 
Head1  :             ^                                                          
State  : day
---------------------------------------------
Step   : 322
Index0 : 0 1 2 3 4 5 6 7 8 9 10 11 12 13 14 15 16 17 18 19 20 21 22 23 24 25 26 27 28 29 30
Tape0  : 1 1 1 1 1 1 1 _ _ _ _  _  1  1  1  1  1  1  1  1  1  1  1  1  1  1  1  1  1  1  1 
Head0  :                           ^                                                       
Index1 : 20 21 22 23 24 25 26 27 28 29 30 31 32 33 34 35 36 37 38 39 40 41 42 43
Tape1  : 0  0  0  0  0  0  0  0  0  0  0  0  0  0  0  0  0  0  0  0  0  0  0  0 
Head1  :                ^                                                       
State  : day
---------------------------------------------
Step   : 323
Index0 : 0 1 2 3 4 5 6 7 8 9 10 11 12 13 14 15 16 17 18 19 20 21 22 23 24 25 26 27 28 29 30
Tape0  : 1 1 1 1 1 1 1 _ _ _ _  _  _  1  1  1  1  1  1  1  1  1  1  1  1  1  1  1  1  1  1 
Head0  :                              ^                                                    
Index1 : 20 21 22 23 24 25 26 27 28 29 30 31 32 33 34 35 36 37 38 39 40 41 42 43
Tape1  : 0  0  0  0  0  0  0  0  0  0  0  0  0  0  0  0  0  0  0  0  0  0  0  0 
Head1  :                   ^                                                    
State  : day
---------------------------------------------
Step   : 324
Index0 : 0 1 2 3 4 5 6 7 8 9 10 11 12 13 14 15 16 17 18 19 20 21 22 23 24 25 26 27 28 29 30
Tape0  : 1 1 1 1 1 1 1 _ _ _ _  _  _  _  1  1  1  1  1  1  1  1  1  1  1  1  1  1  1  1  1 
Head0  :                                 ^                                                 
Index1 : 20 21 22 23 24 25 26 27 28 29 30 31 32 33 34 35 36 37 38 39 40 41 42 43
Tape1  : 0  0  0  0  0  0  0  0  0  0  0  0  0  0  0  0  0  0  0  0  0  0  0  0 
Head1  :                      ^                                                 
State  : day
---------------------------------------------
Step   : 325
Index0 : 0 1 2 3 4 5 6 7 8 9 10 11 12 13 14 15 16 17 18 19 20 21 22 23 24 25 26 27 28 29 30
Tape0  : 1 1 1 1 1 1 1 _ _ _ _  _  _  _  _  1  1  1  1  1  1  1  1  1  1  1  1  1  1  1  1 
Head0  :                                    ^                                              
Index1 : 20 21 22 23 24 25 26 27 28 29 30 31 32 33 34 35 36 37 38 39 40 41 42 43
Tape1  : 0  0  0  0  0  0  0  0  0  0  0  0  0  0  0  0  0  0  0  0  0  0  0  0 
Head1  :                         ^                                              
State  : day
---------------------------------------------
Step   : 326
Index0 : 0 1 2 3 4 5 6 7 8 9 10 11 12 13 14 15 16 17 18 19 20 21 22 23 24 25 26 27 28 29 30
Tape0  : 1 1 1 1 1 1 1 _ _ _ _  _  _  _  _  _  1  1  1  1  1  1  1  1  1  1  1  1  1  1  1 
Head0  :                                       ^                                           
Index1 : 20 21 22 23 24 25 26 27 28 29 30 31 32 33 34 35 36 37 38 39 40 41 42 43
Tape1  : 0  0  0  0  0  0  0  0  0  0  0  0  0  0  0  0  0  0  0  0  0  0  0  0 
Head1  :                            ^                                           
State  : day
---------------------------------------------
Step   : 327
Index0 : 0 1 2 3 4 5 6 7 8 9 10 11 12 13 14 15 16 17 18 19 20 21 22 23 24 25 26 27 28 29 30
Tape0  : 1 1 1 1 1 1 1 _ _ _ _  _  _  _  _  _  _  1  1  1  1  1  1  1  1  1  1  1  1  1  1 
Head0  :                                          ^                                        
Index1 : 20 21 22 23 24 25 26 27 28 29 30 31 32 33 34 35 36 37 38 39 40 41 42 43
Tape1  : 0  0  0  0  0  0  0  0  0  0  0  0  0  0  0  0  0  0  0  0  0  0  0  0 
Head1  :                               ^                                        
State  : day
---------------------------------------------
Step   : 328
Index0 : 0 1 2 3 4 5 6 7 8 9 10 11 12 13 14 15 16 17 18 19 20 21 22 23 24 25 26 27 28 29 30
Tape0  : 1 1 1 1 1 1 1 _ _ _ _  _  _  _  _  _  _  _  1  1  1  1  1  1  1  1  1  1  1  1  1 
Head0  :                                             ^                                     
Index1 : 20 21 22 23 24 25 26 27 28 29 30 31 32 33 34 35 36 37 38 39 40 41 42 43
Tape1  : 0  0  0  0  0  0  0  0  0  0  0  0  0  0  0  0  0  0  0  0  0  0  0  0 
Head1  :                                  ^                                     
State  : day
---------------------------------------------
Step   : 329
Index0 : 0 1 2 3 4 5 6 7 8 9 10 11 12 13 14 15 16 17 18 19 20 21 22 23 24 25 26 27 28 29 30
Tape0  : 1 1 1 1 1 1 1 _ _ _ _  _  _  _  _  _  _  _  _  1  1  1  1  1  1  1  1  1  1  1  1 
Head0  :                                                ^                                  
Index1 : 20 21 22 23 24 25 26 27 28 29 30 31 32 33 34 35 36 37 38 39 40 41 42 43
Tape1  : 0  0  0  0  0  0  0  0  0  0  0  0  0  0  0  0  0  0  0  0  0  0  0  0 
Head1  :                                     ^                                  
State  : day
---------------------------------------------
Step   : 330
Index0 : 0 1 2 3 4 5 6 7 8 9 10 11 12 13 14 15 16 17 18 19 20 21 22 23 24 25 26 27 28 29 30
Tape0  : 1 1 1 1 1 1 1 _ _ _ _  _  _  _  _  _  _  _  _  _  1  1  1  1  1  1  1  1  1  1  1 
Head0  :                                                   ^                               
Index1 : 20 21 22 23 24 25 26 27 28 29 30 31 32 33 34 35 36 37 38 39 40 41 42 43
Tape1  : 0  0  0  0  0  0  0  0  0  0  0  0  0  0  0  0  0  0  0  0  0  0  0  0 
Head1  :                                        ^                               
State  : day
---------------------------------------------
Step   : 331
Index0 : 0 1 2 3 4 5 6 7 8 9 10 11 12 13 14 15 16 17 18 19 20 21 22 23 24 25 26 27 28 29 30
Tape0  : 1 1 1 1 1 1 1 _ _ _ _  _  _  _  _  _  _  _  _  _  _  1  1  1  1  1  1  1  1  1  1 
Head0  :                                                      ^                            
Index1 : 20 21 22 23 24 25 26 27 28 29 30 31 32 33 34 35 36 37 38 39 40 41 42 43
Tape1  : 0  0  0  0  0  0  0  0  0  0  0  0  0  0  0  0  0  0  0  0  0  0  0  0 
Head1  :                                           ^                            
State  : day
---------------------------------------------
Step   : 332
Index0 : 0 1 2 3 4 5 6 7 8 9 10 11 12 13 14 15 16 17 18 19 20 21 22 23 24 25 26 27 28 29 30
Tape0  : 1 1 1 1 1 1 1 _ _ _ _  _  _  _  _  _  _  _  _  _  _  _  1  1  1  1  1  1  1  1  1 
Head0  :                                                         ^                         
Index1 : 20 21 22 23 24 25 26 27 28 29 30 31 32 33 34 35 36 37 38 39 40 41 42 43
Tape1  : 0  0  0  0  0  0  0  0  0  0  0  0  0  0  0  0  0  0  0  0  0  0  0  0 
Head1  :                                              ^                         
State  : day
---------------------------------------------
Step   : 333
Index0 : 0 1 2 3 4 5 6 7 8 9 10 11 12 13 14 15 16 17 18 19 20 21 22 23 24 25 26 27 28 29 30
Tape0  : 1 1 1 1 1 1 1 _ _ _ _  _  _  _  _  _  _  _  _  _  _  _  _  1  1  1  1  1  1  1  1 
Head0  :                                                            ^                      
Index1 : 20 21 22 23 24 25 26 27 28 29 30 31 32 33 34 35 36 37 38 39 40 41 42 43
Tape1  : 0  0  0  0  0  0  0  0  0  0  0  0  0  0  0  0  0  0  0  0  0  0  0  0 
Head1  :                                                 ^                      
State  : day
---------------------------------------------
Step   : 334
Index0 : 0 1 2 3 4 5 6 7 8 9 10 11 12 13 14 15 16 17 18 19 20 21 22 23 24 25 26 27 28 29 30
Tape0  : 1 1 1 1 1 1 1 _ _ _ _  _  _  _  _  _  _  _  _  _  _  _  _  _  1  1  1  1  1  1  1 
Head0  :                                                               ^                   
Index1 : 20 21 22 23 24 25 26 27 28 29 30 31 32 33 34 35 36 37 38 39 40 41 42 43
Tape1  : 0  0  0  0  0  0  0  0  0  0  0  0  0  0  0  0  0  0  0  0  0  0  0  0 
Head1  :                                                    ^                   
State  : day
---------------------------------------------
Step   : 335
Index0 : 0 1 2 3 4 5 6 7 8 9 10 11 12 13 14 15 16 17 18 19 20 21 22 23 24 25 26 27 28 29 30
Tape0  : 1 1 1 1 1 1 1 _ _ _ _  _  _  _  _  _  _  _  _  _  _  _  _  _  _  1  1  1  1  1  1 
Head0  :                                                                  ^                
Index1 : 20 21 22 23 24 25 26 27 28 29 30 31 32 33 34 35 36 37 38 39 40 41 42 43
Tape1  : 0  0  0  0  0  0  0  0  0  0  0  0  0  0  0  0  0  0  0  0  0  0  0  0 
Head1  :                                                       ^                
State  : day
---------------------------------------------
Step   : 336
Index0 : 0 1 2 3 4 5 6 7 8 9 10 11 12 13 14 15 16 17 18 19 20 21 22 23 24 25 26 27 28 29 30
Tape0  : 1 1 1 1 1 1 1 _ _ _ _  _  _  _  _  _  _  _  _  _  _  _  _  _  _  _  1  1  1  1  1 
Head0  :                                                                     ^             
Index1 : 20 21 22 23 24 25 26 27 28 29 30 31 32 33 34 35 36 37 38 39 40 41 42 43
Tape1  : 0  0  0  0  0  0  0  0  0  0  0  0  0  0  0  0  0  0  0  0  0  0  0  0 
Head1  :                                                          ^             
State  : day
---------------------------------------------
Step   : 337
Index0 : 0 1 2 3 4 5 6 7 8 9 10 11 12 13 14 15 16 17 18 19 20 21 22 23 24 25 26 27 28 29 30
Tape0  : 1 1 1 1 1 1 1 _ _ _ _  _  _  _  _  _  _  _  _  _  _  _  _  _  _  _  _  1  1  1  1 
Head0  :                                                                        ^          
Index1 : 20 21 22 23 24 25 26 27 28 29 30 31 32 33 34 35 36 37 38 39 40 41 42 43
Tape1  : 0  0  0  0  0  0  0  0  0  0  0  0  0  0  0  0  0  0  0  0  0  0  0  0 
Head1  :                                                             ^          
State  : day
---------------------------------------------
Step   : 338
Index0 : 0 1 2 3 4 5 6 7 8 9 10 11 12 13 14 15 16 17 18 19 20 21 22 23 24 25 26 27 28 29 30
Tape0  : 1 1 1 1 1 1 1 _ _ _ _  _  _  _  _  _  _  _  _  _  _  _  _  _  _  _  _  _  1  1  1 
Head0  :                                                                           ^       
Index1 : 20 21 22 23 24 25 26 27 28 29 30 31 32 33 34 35 36 37 38 39 40 41 42 43
Tape1  : 0  0  0  0  0  0  0  0  0  0  0  0  0  0  0  0  0  0  0  0  0  0  0  0 
Head1  :                                                                ^       
State  : day
---------------------------------------------
Step   : 339
Index0 : 0 1 2 3 4 5 6 7 8 9 10 11 12 13 14 15 16 17 18 19 20 21 22 23 24 25 26 27 28 29 30
Tape0  : 1 1 1 1 1 1 1 _ _ _ _  _  _  _  _  _  _  _  _  _  _  _  _  _  _  _  _  _  _  1  1 
Head0  :                                                                              ^    
Index1 : 20 21 22 23 24 25 26 27 28 29 30 31 32 33 34 35 36 37 38 39 40 41 42 43
Tape1  : 0  0  0  0  0  0  0  0  0  0  0  0  0  0  0  0  0  0  0  0  0  0  0  0 
Head1  :                                                                   ^    
State  : day
---------------------------------------------
Step   : 340
Index0 : 0 1 2 3 4 5 6 7 8 9 10 11 12 13 14 15 16 17 18 19 20 21 22 23 24 25 26 27 28 29 30
Tape0  : 1 1 1 1 1 1 1 _ _ _ _  _  _  _  _  _  _  _  _  _  _  _  _  _  _  _  _  _  _  _  1 
Head0  :                                                                                 ^ 
Index1 : 20 21 22 23 24 25 26 27 28 29 30 31 32 33 34 35 36 37 38 39 40 41 42 43
Tape1  : 0  0  0  0  0  0  0  0  0  0  0  0  0  0  0  0  0  0  0  0  0  0  0  0 
Head1  :                                                                      ^ 
State  : day
---------------------------------------------
Step   : 341
Index0 : 0 1 2 3 4 5 6 7 8 9 10 11 12 13 14 15 16 17 18 19 20 21 22 23 24 25 26 27 28 29 30 31
Tape0  : 1 1 1 1 1 1 1 _ _ _ _  _  _  _  _  _  _  _  _  _  _  _  _  _  _  _  _  _  _  _  _  _ 
Head0  :                                                                                    ^ 
Index1 : 20 21 22 23 24 25 26 27 28 29 30 31 32 33 34 35 36 37 38 39 40 41 42 43 44
Tape1  : 0  0  0  0  0  0  0  0  0  0  0  0  0  0  0  0  0  0  0  0  0  0  0  0  _ 
Head1  :                                                                         ^ 
State  : day
---------------------------------------------