-----------------------------------------
Step   : 237
Index0 : 0 1 2 3 4 5 6 7 8 9 10 11 12 13 14 15
Tape0  : 1 1 1 1 1 1 1 1 1 1 1  1  1  1  1  + 
Head0  :                                    ^ 
Index1 : 3 4 5 6 7 8 9 10 11 12 13 14 15 16 17 18 19
Tape1  : _ 1 1 1 1 1 1 1  1  1  1  1  1  1  1  1  1 
Head1  : ^                                          
State  : addR
---------------------------------------------
Step   : 238
Index0 : 0 1 2 3 4 5 6 7 8 9 10 11 12 13 14 15
Tape0  : 1 1 1 1 1 1 1 1 1 1 1  1  1  1  1  _ 
Head0  :                                    ^ 
Index1 : 4 5 6 7 8 9 10 11 12 13 14 15 16 17 18 19
Tape1  : 1 1 1 1 1 1 1  1  1  1  1  1  1  1  1  1 
Head1  : ^                                        
State  : addR
---------------------------------------------
Step   : 239
Index0 : 0 1 2 3 4 5 6 7 8 9 10 11 12 13 14 15 16
Tape0  : 1 1 1 1 1 1 1 1 1 1 1  1  1  1  1  1  _ 
Head0  :                                       ^ 
Index1 : 5 6 7 8 9 10 11 12 13 14 15 16 17 18 19
Tape1  : 1 1 1 1 1 1  1  1  1  1  1  1  1  1  1 
Head1  : ^                                      
State  : addR
---------------------------------------------
Step   : 240
Index0 : 0 1 2 3 4 5 6 7 8 9 10 11 12 13 14 15 16 17
Tape0  : 1 1 1 1 1 1 1 1 1 1 1  1  1  1  1  1  1  _ 
Head0  :                                          ^ 
Index1 : 6 7 8 9 10 11 12 13 14 15 16 17 18 19
Tape1  : 1 1 1 1 1  1  1  1  1  1  1  1  1  1 
Head1  : ^                                    
State  : addR
---------------------------------------------
Step   : 241
Index0 : 0 1 2 3 4 5 6 7 8 9 10 11 12 13 14 15 16 17 18
Tape0  : 1 1 1 1 1 1 1 1 1 1 1  1  1  1  1  1  1  1  _ 
Head0  :                                             ^ 
Index1 : 7 8 9 10 11 12 13 14 15 16 17 18 19
Tape1  : 1 1 1 1  1  1  1  1  1  1  1  1  1 
Head1  : ^                                  
State  : addR
---------------------------------------------
Step   : 242
Index0 : 0 1 2 3 4 5 6 7 8 9 10 11 12 13 14 15 16 17 18 19
Tape0  : 1 1 1 1 1 1 1 1 1 1 1  1  1  1  1  1  1  1  1  _ 
Head0  :                                                ^ 
Index1 : 8 9 10 11 12 13 14 15 16 17 18 19
Tape1  : 1 1 1  1  1  1  1  1  1  1  1  1 
Head1  : ^                                
State  : addR
---------------------------------------------
Step   : 243
Index0 : 0 1 2 3 4 5 6 7 8 9 10 11 12 13 14 15 16 17 18 19 20
Tape0  : 1 1 1 1 1 1 1 1 1 1 1  1  1  1  1  1  1  1  1  1  _ 
Head0  :                                                   ^ 
Index1 : 9 10 11 12 13 14 15 16 17 18 19
Tape1  : 1 1  1  1  1  1  1  1  1  1  1 
Head1  : ^                              
State  : addR
---------------------------------------------
Step   : 244
Index0 : 0 1 2 3 4 5 6 7 8 9 10 11 12 13 14 15 16 17 18 19 20 21
Tape0  : 1 1 1 1 1 1 1 1 1 1 1  1  1  1  1  1  1  1  1  1  1  _ 
Head0  :                                                      ^ 
Index1 : 10 11 12 13 14 15 16 17 18 19
Tape1  : 1  1  1  1  1  1  1  1  1  1 
Head1  : ^                            
State  : addR
---------------------------------------------
Step   : 245
Index0 : 0 1 2 3 4 5 6 7 8 9 10 11 12 13 14 15 16 17 18 19 20 21 22
Tape0  : 1 1 1 1 1 1 1 1 1 1 1  1  1  1  1  1  1  1  1  1  1  1  _ 
Head0  :                                                         ^ 
Index1 : 11 12 13 14 15 16 17 18 19
Tape1  : 1  1  1  1  1  1  1  1  1 
Head1  : ^                         
State  : addR
---------------------------------------------
Step   : 246
Index0 : 0 1 2 3 4 5 6 7 8 9 10 11 12 13 14 15 16 17 18 19 20 21 22 23
Tape0  : 1 1 1 1 1 1 1 1 1 1 1  1  1  1  1  1  1  1  1  1  1  1  1  _ 
Head0  :                                                            ^ 
Index1 : 12 13 14 15 16 17 18 19
Tape1  : 1  1  1  1  1  1  1  1 
Head1  : ^                      
State  : addR
---------------------------------------------
Step   : 247
Index0 : 0 1 2 3 4 5 6 7 8 9 10 11 12 13 14 15 16 17 18 19 20 21 22 23 24
Tape0  : 1 1 1 1 1 1 1 1 1 1 1  1  1  1  1  1  1  1  1  1  1  1  1  1  _ 
Head0  :                                                               ^ 
Index1 : 13 14 15 16 17 18 19
Tape1  : 1  1  1  1  1  1  1 
Head1  : ^                   
State  : addR
---------------------------------------------
Step   : 248
Index0 : 0 1 2 3 4 5 6 7 8 9 10 11 12 13 14 15 16 17 18 19 20 21 22 23 24 25
Tape0  : 1 1 1 1 1 1 1 1 1 1 1  1  1  1  1  1  1  1  1  1  1  1  1  1  1  _ 
Head0  :                                                                  ^ 
Index1 : 14 15 16 17 18 19
Tape1  : 1  1  1  1  1  1 
Head1  : ^                
State  : addR
---------------------------------------------
Step   : 249
Index0 : 0 1 2 3 4 5 6 7 8 9 10 11 12 13 14 15 16 17 18 19 20 21 22 23 24 25 26
Tape0  : 1 1 1 1 1 1 1 1 1 1 1  1  1  1  1  1  1  1  1  1  1  1  1  1  1  1  _ 
Head0  :                                                                     ^ 
Index1 : 15 16 17 18 19
Tape1  : 1  1  1  1  1 
Head1  : ^             
State  : addR
---------------------------------------------
Step   : 250
Index0 : 0 1 2 3 4 5 6 7 8 9 10 11 12 13 14 15 16 17 18 19 20 21 22 23 24 25 26 27
Tape0  : 1 1 1 1 1 1 1 1 1 1 1  1  1  1  1  1  1  1  1  1  1  1  1  1  1  1  1  _ 
Head0  :                                                                        ^ 
Index1 : 16 17 18 19
Tape1  : 1  1  1  1 
Head1  : ^          
State  : addR
---------------------------------------------
Step   : 251
Index0 : 0 1 2 3 4 5 6 7 8 9 10 11 12 13 14 15 16 17 18 19 20 21 22 23 24 25 26 27 28
Tape0  : 1 1 1 1 1 1 1 1 1 1 1  1  1  1  1  1  1  1  1  1  1  1  1  1  1  1  1  1  _ 
Head0  :                                                                           ^ 
Index1 : 17 18 19
Tape1  : 1  1  1 
Head1  : ^       
State  : addR
---------------------------------------------
Step   : 252
Index0 : 0 1 2 3 4 5 6 7 8 9 10 11 12 13 14 15 16 17 18 19 20 21 22 23 24 25 26 27 28 29
Tape0  : 1 1 1 1 1 1 1 1 1 1 1  1  1  1  1  1  1  1  1  1  1  1  1  1  1  1  1  1  1  _ 
Head0  :                                                                              ^ 
Index1 : 18 19
Tape1  : 1  1 
Head1  : ^    
State  : addR
---------------------------------------------
Step   : 253
Index0 : 0 1 2 3 4 5 6 7 8 9 10 11 12 13 14 15 16 17 18 19 20 21 22 23 24 25 26 27 28 29 30
Tape0  : 1 1 1 1 1 1 1 1 1 1 1  1  1  1  1  1  1  1  1  1  1  1  1  1  1  1  1  1  1  1  _ 
Head0  :                                                                                 ^ 
Index1 : 19
Tape1  : 1 
Head1  : ^ 
State  : addR
---------------------------------------------
Step   : 254
Index0 : 0 1 2 3 4 5 6 7 8 9 10 11 12 13 14 15 16 17 18 19 20 21 22 23 24 25 26 27 28 29 30 31
Tape0  : 1 1 1 1 1 1 1 1 1 1 1  1  1  1  1  1  1  1  1  1  1  1  1  1  1  1  1  1  1  1  1  _ 
Head0  :                                                                                    ^ 
Index1 : 20
Tape1  : _ 
Head1  : ^ 
State  : addR
---------------------------------------------
Step   : 255
Index0 : 0 1 2 3 4 5 6 7 8 9 10 11 12 13 14 15 16 17 18 19 20 21 22 23 24 25 26 27 28 29 30 31
Tape0  : 1 1 1 1 1 1 1 1 1 1 1  1  1  1  1  1  1  1  1  1  1  1  1  1  1  1  1  1  1  1  1  _ 
Head0  :                                                                                    ^ 
Index1 : 20
Tape1  : # 
Head1  : ^ 
State  : initF
---------------------------------------------